8.994000000000000605e-02 3.866201122224285314e+01 2.334916569372318951e-01
9.837999999999999523e-02 3.628846147214602524e+01 2.310077031400276926e-01
1.273600000000000010e-01 3.755444107657859831e+01 3.502374854058487030e-01
1.346400000000000097e-01 3.853701236762876192e+01 2.261950426579436013e-01
1.500700000000000089e-01 3.688019860535496264e+01 3.290109711388266023e-01
1.502199999999999924e-01 4.052273122415044782e+01 4.571520862139493158e-01
1.507999999999999896e-01 3.725691829126383681e+01 4.620154062800557737e-01
1.545400000000000107e-01 3.864679439483259671e+01 4.571520862139490937e-01
1.602300000000000113e-01 3.778949542705458953e+01 4.571520862139490937e-01
1.611499999999999877e-01 3.923080775199404258e+01 4.523900853158863145e-01
1.664599999999999969e-01 3.911143740557940873e+01 4.571520862139492047e-01
1.752199999999999869e-01 4.246426048959040145e+01 3.465115547100415805e-01
1.775200000000000111e-01 3.943017339978686664e+01 4.523900853158875912e-01
1.788099999999999967e-01 4.088841478576244981e+01 2.386233417050832861e-01
1.793299999999999894e-01 3.766962989498489378e+01 4.669833138744647894e-01
1.794199999999999962e-01 4.306430973497111836e+01 2.360296097300280949e-01
1.841399999999999981e-01 4.385127894661016512e+01 5.596578375041909581e-01
1.917800000000000060e-01 4.005161448123149626e+01 4.431576345951546148e-01
1.929400000000000004e-01 3.676203797832056352e+01 3.323682259463661137e-01
1.951400000000000079e-01 3.953551413071562592e+01 3.392925639869159848e-01
1.972200000000000064e-01 3.688807346661258180e+01 4.523900853158882018e-01
1.984700000000000075e-01 3.880066743012935149e+01 4.523900853158882018e-01
2.036000000000000032e-01 4.058354470388979962e+01 3.787451877063244265e-01
2.084199999999999942e-01 3.955951003081460726e+01 5.714401077674364782e-01
2.114300000000000068e-01 4.167410573851933009e+01 2.495945298294544867e-01
2.193599999999999994e-01 4.105511488580742707e+01 4.620154062800557737e-01
2.231899999999999995e-01 4.137659193777722066e+01 5.654876066448589755e-01
2.245000000000000051e-01 4.093431568757335981e+01 4.772466834101664057e-01
2.290899999999999881e-01 3.930871325505040659e+01 3.428640646604612097e-01
2.315200000000000036e-01 4.093704391695089839e+01 3.392925639869150967e-01
2.399399999999999866e-01 3.838270952551636128e+01 4.620154062800544970e-01
2.465499999999999914e-01 4.004716902984870330e+01 3.502374854058478149e-01
2.563199999999999923e-01 4.118988136003383715e+01 3.579350125576254982e-01
2.564600000000000213e-01 4.141743047657826082e+01 4.669833138744645118e-01
2.586800000000000210e-01 4.051784750113006339e+01 2.360296097300277895e-01
2.602700000000000014e-01 4.215957511153295201e+01 3.540444145950424892e-01
2.623400000000000176e-01 3.731063001005483670e+01 3.357947025025135868e-01
2.628400000000000181e-01 3.870748538759735879e+01 5.596578375041895148e-01
2.637399999999999745e-01 3.998081168762912085e+01 3.502374854058482034e-01
2.649199999999999888e-01 4.361701936921912193e+01 4.720592194600558011e-01
2.650399999999999978e-01 4.345449138235829878e+01 5.965583542627080904e-01
2.661200000000000232e-01 4.179023787277475321e+01 5.109346845920609281e-01
2.670299999999999896e-01 3.830574266704825703e+01 5.539470432439437264e-01
2.695000000000000173e-01 3.970847537441869690e+01 4.620154062800541084e-01
2.702700000000000102e-01 4.051600050337384573e+01 3.619120682527091071e-01
2.726299999999999835e-01 4.281204729148777233e+01 3.619120682527104949e-01
2.726799999999999780e-01 3.923753492195723425e+01 3.579350125576257202e-01
2.729800000000000004e-01 4.156031775971806042e+01 5.714401077674362561e-01
2.742100000000000093e-01 4.125977319361868467e+01 4.772466834101676270e-01
2.752600000000000047e-01 4.240446659321025891e+01 5.775192578500699669e-01
2.754599999999999826e-01 3.817547793652460086e+01 4.523900853158875912e-01
2.764699999999999935e-01 4.072442139667214178e+01 4.669833138744641787e-01
2.786500000000000088e-01 3.945526254439505465e+01 3.392925639869149856e-01
2.911400000000000099e-01 4.090311289695299024e+01 3.392925639869152077e-01
2.914399999999999769e-01 4.178419297377806174e+01 2.310077031400278869e-01
2.924499999999999877e-01 4.034410703173713841e+01 3.502374854058477038e-01
3.035499999999999865e-01 4.330808951858338673e+01 4.720592194600559122e-01
3.064000000000000057e-01 4.468760158580403186e+01 3.540444145950423227e-01
3.069100000000000161e-01 3.890241414100341899e+01 2.310077031400276926e-01
3.070499999999999896e-01 4.046647098775679297e+01 3.428640646604618758e-01
3.089000000000000079e-01 3.773347508656019045e+01 4.477262700033529108e-01
3.135200000000000209e-01 4.128530052152345320e+01 3.540444145950417121e-01
3.181800000000000184e-01 4.255886282759874462e+01 4.879713279811819793e-01
3.194400000000000017e-01 4.044489995273607974e+01 4.620154062800557737e-01
3.203500000000000236e-01 3.920868950538510944e+01 4.879713279811819793e-01
3.208500000000000241e-01 4.052739928466567676e+01 4.523900853158870916e-01
3.212900000000000200e-01 4.095783015370668068e+01 3.540444145950424892e-01
3.217300000000000160e-01 4.024883587905017635e+01 3.428640646604615982e-01
3.239299999999999957e-01 4.058932563550663986e+01 5.775192578500685237e-01
3.251700000000000146e-01 4.350261985359568939e+01 5.965583542627078684e-01
3.275500000000000078e-01 4.107668951126510137e+01 5.775192578500684126e-01
3.295699999999999741e-01 4.144345711671400068e+01 4.935164567082409026e-01
3.300500000000000100e-01 3.877284483082551247e+01 4.571520862139483166e-01
3.315600000000000214e-01 4.087264855290501941e+01 3.659784959858856102e-01
3.351000000000000090e-01 3.870530913751156277e+01 3.465115547100416915e-01
3.503800000000000248e-01 4.296521295757867165e+01 2.585086201805069095e-01
3.518399999999999861e-01 4.422817938896047707e+01 4.935164567082411802e-01
3.526799999999999935e-01 4.249131414722717182e+01 3.428640646604613762e-01
3.543399999999999883e-01 4.291217560471162074e+01 3.502374854058484810e-01
3.561300000000000021e-01 3.919784283613074649e+01 4.571520862139485941e-01
3.580900000000000194e-01 4.010479926503381876e+01 4.620154062800554962e-01
3.588199999999999723e-01 4.348463368431961840e+01 4.669833138744646783e-01
3.589999999999999858e-01 4.043653622565469163e+01 2.310077031400273873e-01
3.597000000000000197e-01 4.089905237674111049e+01 3.502374854058484255e-01
3.607099999999999751e-01 4.188795102016644023e+01 5.170172403610134859e-01
3.624200000000000199e-01 4.348225007150080046e+01 4.772466834101671274e-01
3.745600000000000041e-01 4.191100438316507848e+01 4.571520862139484276e-01
3.774700000000000277e-01 4.177629826352753639e+01 3.659784959858857767e-01
3.785299999999999776e-01 4.183522945147481664e+01 2.495945298294554027e-01
3.826600000000000001e-01 4.038989051241364336e+01 4.669833138744635126e-01
3.835200000000000276e-01 4.083231379869494049e+01 2.310077031400271930e-01
3.851100000000000079e-01 4.213379647859457577e+01 4.879713279811813131e-01
3.911299999999999777e-01 3.931748530734256519e+01 5.714401077674373663e-01
3.920199999999999796e-01 4.228504181141582308e+01 4.620154062800551076e-01
3.986600000000000144e-01 4.261501669043383345e+01 4.523900853158865920e-01
4.000400000000000067e-01 4.273518206518932061e+01 3.743917947441826044e-01
4.013900000000000245e-01 4.027106381155459758e+01 2.386233417050833971e-01
4.038800000000000168e-01 3.997103169015429103e+01 4.477262700033518006e-01
4.059599999999999875e-01 3.939763216335379070e+01 4.431576345951540041e-01
4.062899999999999845e-01 4.005898027623106827e+01 2.238631350016757893e-01
4.137100000000000222e-01 4.304570503388112002e+01 5.837291423430809312e-01
4.195999999999999730e-01 4.038435254428276266e+01 5.775192578500689677e-01
4.351700000000000013e-01 4.152667526825740651e+01 3.579350125576254982e-01
4.377499999999999725e-01 4.211868745074832532e+01 2.439856639905909896e-01
4.446300000000000252e-01 4.081950776945214443e+01 4.571520862139484276e-01
4.523800000000000043e-01 4.390180129574869738e+01 4.772466834101664057e-01
4.586200000000000276e-01 4.123693746968478990e+01 4.571520862139484831e-01
4.667100000000000137e-01 4.201332665819523982e+01 2.495945298294547920e-01
4.712899999999999867e-01 4.392516195759029074e+01 4.772466834101674049e-01
4.757299999999999862e-01 4.026389931845861270e+01 3.392925639869154852e-01
4.946099999999999941e-01 4.177976566715744866e+01 5.965583542627079794e-01
4.968199999999999839e-01 4.179134797600983120e+01 6.312419795105401743e-01
5.030900000000000372e-01 4.216999404535474127e+01 4.825494243369461977e-01
5.060499999999999998e-01 4.101123926371769812e+01 4.720592194600555791e-01
5.550699999999999523e-01 4.088889460044607205e+01 5.654876066448600858e-01
5.639100000000000223e-01 4.069639183728668286e+01 4.772466834101660171e-01
5.789699999999999847e-01 4.236524370012833174e+01 4.720592194600569114e-01
5.819800000000000528e-01 4.273728892766354193e+01 4.825494243369474190e-01
5.932100000000000151e-01 4.300737497867783077e+01 4.772466834101667943e-01
5.971300000000000496e-01 4.264406982817911285e+01 4.620154062800547190e-01
6.088599999999999568e-01 4.035801899362257927e+01 4.669833138744632905e-01
6.101100000000000412e-01 4.236974679749656048e+01 3.743917947441826044e-01
6.233499999999999597e-01 4.176761311885451278e+01 5.714401077674369223e-01
6.636199999999999877e-01 4.252193294758805564e+01 3.502374854058480924e-01
6.736699999999999910e-01 4.340739996371684128e+01 5.049935836084316065e-01
7.123099999999999987e-01 4.217781692966644869e+01 4.620154062800556072e-01
7.164599999999999858e-01 4.277351353982214732e+01 4.825494243369463088e-01
4.000000000000000222e-01 4.317439881102794175e+01 4.368642717369988770e-01
4.020000000000000240e-01 4.264697168282712170e+01 4.448870302423554857e-01
4.099999999999999756e-01 4.318258288452860683e+01 4.412617730567798824e-01
4.189999999999999836e-01 4.261712519818644296e+01 4.281776582144736221e-01
4.339999999999999969e-01 4.336343759299580825e+01 4.278763368504943099e-01
4.520000000000000129e-01 4.297073417747004243e+01 4.412617730567798824e-01
4.580000000000000182e-01 4.483719186254822375e+01 4.397918804083562061e-01
4.660000000000000253e-01 4.344709232679997513e+01 4.257789038267175141e-01
4.660000000000000253e-01 4.400920313559777242e+01 4.423369723088674821e-01
4.689999999999999725e-01 4.429886606593316856e+01 4.431576345951547258e-01
4.699999999999999734e-01 4.316013449075558128e+01 4.292445460671673874e-01
4.759999999999999787e-01 4.251179146773966977e+01 4.439454703899906041e-01
4.769999999999999796e-01 4.404330586806281644e+01 4.323293485009744863e-01
4.869999999999999885e-01 4.395342999662435091e+01 4.246434934165128072e-01
4.939999999999999947e-01 4.369221054520843950e+01 4.261768280359011785e-01
5.030000000000000027e-01 4.339789849049475379e+01 4.367207080591358759e-01
5.100000000000000089e-01 4.294693300477570119e+01 4.295220150691501093e-01
5.430000000000000382e-01 4.282341063656596702e+01 4.342944819032517056e-01
5.460000000000000409e-01 4.411075786655862885e+01 4.384703903830907135e-01
5.520000000000000462e-01 4.244490422070445135e+01 4.461929608595052166e-01
5.520000000000000462e-01 4.345169195407476082e+01 4.271749002327067113e-01
5.540000000000000480e-01 4.356423865666653228e+01 4.322362142165065979e-01
5.620000000000000551e-01 4.310263601167073944e+01 4.342944819032515946e-01
5.709999999999999520e-01 4.411603012978679317e+01 4.303819190032224795e-01
5.709999999999999520e-01 4.425027883138005791e+01 4.284519552408762033e-01
5.779999999999999583e-01 4.430733020502174213e+01 4.265392232978363896e-01
5.789999999999999591e-01 4.464593268485765520e+01 4.342944819032517056e-01
5.809999999999999609e-01 4.359767058943676687e+01 4.365923363048562211e-01
5.889999999999999680e-01 4.401488183103003848e+01 4.323293485009744863e-01
6.089999999999999858e-01 4.381273950842836484e+01 4.287027074581454822e-01
6.179999999999999938e-01 4.236670371157214277e+01 4.281776582144736221e-01
6.229999999999999982e-01 4.453089603888264492e+01 4.342944819032517056e-01
6.290000000000000036e-01 4.413924583040329708e+01 4.342944819032517056e-01
6.290000000000000036e-01 4.526949269996536174e+01 4.342944819032517056e-01
6.290000000000000036e-01 4.416614496257076894e+01 4.261768280359011785e-01
6.570000000000000284e-01 4.363336818542074980e+01 4.361909643569776840e-01
6.620000000000000329e-01 4.335851230744185614e+01 4.342944819032518167e-01
6.740000000000000435e-01 4.471556259798018118e+01 4.342944819032517056e-01
6.949999999999999512e-01 4.319869117540355319e+01 4.460321706033396061e-01
6.959999999999999520e-01 4.342003338592140693e+01 4.321338128390564970e-01
7.109999999999999654e-01 4.345565691685885668e+01 4.400340565539556104e-01
7.149999999999999689e-01 4.429097270501316075e+01 4.375354854995446852e-01
7.500000000000000000e-01 4.390727533537292970e+01 4.265392232978363896e-01
1.072999999999999954e+00 4.416210270119040615e+01 6.580219422776543148e-01
1.080000000000000071e+00 4.417622575672282892e+01 4.492701536930190920e-01
1.094000000000000083e+00 4.635220561376050341e+01 1.660781957565015954e-01
1.122000000000000108e+00 4.646637626431793677e+01 2.760346283283380275e-01
1.520999999999999908e+00 4.591701910422619903e+01 4.087477476736486870e-01
2.000999999999999890e+00 4.639891114544803941e+01 4.912833505692891789e-01
2.008999999999999897e+00 4.460534087834412276e+01 1.139133067287217971e+00
2.017999999999999794e+00 4.522474259255938023e+01 9.089884504951779576e-01
2.029999999999999805e+00 4.334250320314868077e+01 6.248841466233839848e-01
2.057999999999999829e+00 4.652420353982240186e+01 7.145613047768309967e-01
2.064000000000000057e+00 4.494882388846602339e+01 4.963365507465734017e-01
2.072999999999999954e+00 4.655209688099017740e+01 7.560252102764536408e-01
2.075000000000000178e+00 4.523954296402519049e+01 9.971046778390986187e-01
2.077999999999999847e+00 4.533638763049299314e+01 7.178421188483501414e-01
2.080999999999999961e+00 4.362442197214385686e+01 1.389742342090405591e+00
2.095000000000000195e+00 4.723612799045213251e+01 4.944529205729621957e-01
2.107000000000000206e+00 4.636615407954116108e+01 1.124056306102534153e+00
2.108999999999999986e+00 4.708312601674549569e+01 7.347087099867042337e-01
2.112999999999999989e+00 4.543716974614545734e+01 1.009987167216864323e+00
2.120999999999999996e+00 4.574402632583749551e+01 7.487835894883649868e-01
2.133999999999999897e+00 4.638778676479395813e+01 7.960591317982210757e-01
2.173000000000000043e+00 4.612369599554466504e+01 7.993149973679481990e-01
2.177000000000000046e+00 4.406801763301757546e+01 4.110042415488187051e-01
2.196000000000000174e+00 4.640031868116398073e+01 4.369159777698709002e-01
2.200000000000000178e+00 4.445911944691061990e+01 3.832010134440457794e-01
2.205999999999999961e+00 4.311725209041645712e+01 5.451395170333704909e-01
2.226999999999999869e+00 4.581074161418749213e+01 1.066348058244591224e+00
2.240000000000000213e+00 4.593314544790817422e+01 9.111073046921368546e-01
2.253000000000000114e+00 4.473916669303748250e+01 9.650988486738931726e-01
2.254999999999999893e+00 4.690103194833204725e+01 3.809600718449576151e-01
2.263999999999999790e+00 4.586749835016407673e+01 1.148374831955714104e+00
2.306000000000000050e+00 4.488840647647060678e+01 1.056391983007909596e+00
2.341000000000000192e+00 4.437961313573526922e+01 1.110412027593541406e+00
2.345000000000000195e+00 4.557394037218463723e+01 4.291447449636875966e-01
2.347999999999999865e+00 4.666666236845148319e+01 5.361660270410515405e-01
2.351999999999999869e+00 4.611329592666828603e+01 8.685889638065036333e-01
2.386000000000000121e+00 4.712265281236739156e+01 5.099348124108631364e-01
2.399999999999999911e+00 4.485342592805446316e+01 1.034034480722028082e+00
2.422000000000000153e+00 4.455870942393386258e+01 1.015233853799809127e+00
2.439000000000000057e+00 4.651245655481000085e+01 7.664020268880914477e-01
2.443000000000000060e+00 4.407968877562998955e+01 5.677052051022898338e-01
2.447000000000000064e+00 4.650989105980905691e+01 7.634082689705598002e-01
2.490000000000000213e+00 4.422871291912687752e+01 6.095361149519321620e-01
2.536999999999999922e+00 4.578135925007853757e+01 1.121417676276002195e+00
2.540999999999999925e+00 4.499534234240496744e+01 1.067937250581766806e+00
2.548999999999999932e+00 4.666835424512478880e+01 4.036194069732824130e-01
2.556999999999999940e+00 4.397388841543668292e+01 3.972205627163887809e-01
2.576999999999999957e+00 4.597339550492017679e+01 7.976837422712785841e-01
2.599000000000000199e+00 4.698397544999554043e+01 4.008872140645399762e-01
